[gd_scene load_steps=14 format=2]

[ext_resource path="res://Dice/Die.tscn" type="PackedScene" id=1]
[ext_resource path="res://Dice/Enemy.gd" type="Script" id=2]
[ext_resource path="res://Faces.png" type="Texture" id=3]

[sub_resource type="SpatialMaterial" id=11]

[sub_resource type="AtlasTexture" id=2]
flags = 7
atlas = ExtResource( 3 )
region = Rect2( 0, 0, 96, 96 )

[sub_resource type="AtlasTexture" id=3]
flags = 7
atlas = ExtResource( 3 )
region = Rect2( 96, 0, 96, 96 )

[sub_resource type="AtlasTexture" id=4]
flags = 7
atlas = ExtResource( 3 )
region = Rect2( 192, 0, 96, 96 )

[sub_resource type="AtlasTexture" id=9]
flags = 7
atlas = ExtResource( 3 )
region = Rect2( 0, 96, 96, 96 )

[sub_resource type="AtlasTexture" id=8]
flags = 7
atlas = ExtResource( 3 )
region = Rect2( 192, 96, 96, 96 )

[sub_resource type="AtlasTexture" id=6]
flags = 7
atlas = ExtResource( 3 )
region = Rect2( 0, 192, 96, 96 )

[sub_resource type="AtlasTexture" id=7]
flags = 7
atlas = ExtResource( 3 )
region = Rect2( 96, 192, 96, 96 )

[sub_resource type="AtlasTexture" id=5]
flags = 7
atlas = ExtResource( 3 )
region = Rect2( 96, 96, 96, 96 )

[sub_resource type="SpriteFrames" id=1]
animations = [ {
"frames": [ SubResource( 2 ) ],
"loop": true,
"name": "mastermind",
"speed": 5.0
}, {
"frames": [ SubResource( 3 ), SubResource( 4 ) ],
"loop": true,
"name": "muncher",
"speed": 5.0
}, {
"frames": [ SubResource( 9 ) ],
"loop": true,
"name": "observer",
"speed": 5.0
}, {
"frames": [ SubResource( 8 ) ],
"loop": true,
"name": "hopper",
"speed": 5.0
}, {
"frames": [ SubResource( 6 ), SubResource( 7 ) ],
"loop": true,
"name": "greeblin",
"speed": 5.0
}, {
"frames": [ SubResource( 5 ) ],
"loop": true,
"name": "devioid",
"speed": 5.0
} ]

[node name="EnemyDie" instance=ExtResource( 1 )]
script = ExtResource( 2 )

[node name="CSGBox" parent="." index="1"]
material_override = SubResource( 11 )

[node name="Face" type="AnimatedSprite3D" parent="." index="2"]
transform = Transform( 1, 0, 0, 0, 1, 0, 0, 0, 1, 0, 0, -0.51 )
frames = SubResource( 1 )
animation = "hopper"
playing = true

[node name="LeftThighJoint" parent="." index="3"]
transform = Transform( 1, 0, 0, 0, 0.832709, 0.553711, 0, -0.553711, 0.832709, -0.4, -0.45, 3.49691e-08 )

[node name="LeftKneeJoint" parent="LeftThighJoint/Thigh" index="0"]
transform = Transform( 1, -1.17705e-08, -4.38118e-08, -4.38118e-08, -0.501148, -0.865362, -1.17705e-08, 0.865362, -0.501148, 5.96046e-08, -0.400001, 2.98023e-08 )

[node name="LeftAnkleJoint" parent="LeftThighJoint/Thigh/LeftKneeJoint/Shin" index="0"]
transform = Transform( 1, 0, 0, 0, -0.48952, 0.871992, 0, -0.871992, -0.489519, -2.68221e-07, -0.25, -5.96046e-08 )

[node name="RightThighJoint" parent="." index="4"]
transform = Transform( 1, 0, 0, 0, 0.832709, 0.553711, 0, -0.553711, 0.832709, 0.4, -0.45, -3.49691e-08 )

[node name="RightKneeJoint" parent="RightThighJoint/Thigh" index="0"]
transform = Transform( 1, 0, 0, 0, -0.501149, -0.865362, 0, 0.865362, -0.501149, 0, -0.4, 5.96046e-08 )

[node name="RightAnkleJoint" parent="RightThighJoint/Thigh/RightKneeJoint/Shin" index="0"]
transform = Transform( 1, 0, 0, 0, -0.48952, 0.871992, 0, -0.871992, -0.48952, 0, -0.25, -1.19209e-07 )

[node name="AimTimer" type="Timer" parent="." index="6"]
wait_time = 0.2
autostart = true

[connection signal="timeout" from="AimTimer" to="." method="_on_AimTimer_timeout"]
