[gd_scene load_steps=3 format=2]

[ext_resource path="res://Dice/Die.tscn" type="PackedScene" id=1]
[ext_resource path="res://Dice/PlayerDie.gd" type="Script" id=2]

[node name="PlayerDie" instance=ExtResource( 1 )]
script = ExtResource( 2 )

[node name="LeftThighJoint" parent="." index="2"]
transform = Transform( 1, 0, 0, 0, 0.832709, 0.553711, 0, -0.553711, 0.832709, 0.4, -0.45, 0 )

[node name="LeftKneeJoint" parent="LeftThighJoint/Thigh" index="0"]
transform = Transform( 1, -1.17705e-08, -4.38118e-08, -4.38118e-08, -0.501148, -0.865362, -1.17705e-08, 0.865362, -0.501148, 5.96046e-08, -0.400001, 2.98023e-08 )

[node name="LeftAnkleJoint" parent="LeftThighJoint/Thigh/LeftKneeJoint/Shin" index="0"]
transform = Transform( 1, 0, 0, 0, -0.48952, 0.871992, 0, -0.871992, -0.489519, -2.68221e-07, -0.25, -5.96046e-08 )

[node name="RightThighJoint" parent="." index="3"]
transform = Transform( 1, 0, 0, 0, 0.832709, 0.553711, 0, -0.553711, 0.832709, -0.4, -0.45, 0 )

[node name="RightKneeJoint" parent="RightThighJoint/Thigh" index="0"]
transform = Transform( 1, 0, 0, 0, -0.501149, -0.865362, 0, 0.865362, -0.501149, 0, -0.4, 5.96046e-08 )

[node name="RightAnkleJoint" parent="RightThighJoint/Thigh/RightKneeJoint/Shin" index="0"]
transform = Transform( 1, 0, 0, 0, -0.48952, 0.871992, 0, -0.871992, -0.48952, 0, -0.25, -1.19209e-07 )

[node name="Camera" type="Camera" parent="." index="5"]
transform = Transform( -1, 0, -8.74228e-08, 0, 1, 0, 8.74228e-08, 0, -1, 0, 0, 0.5 )
current = true
