[gd_scene load_steps=9 format=2]

[ext_resource path="res://Dice/PlayerDie.tscn" type="PackedScene" id=1]
[ext_resource path="res://Main/Wall.tscn" type="PackedScene" id=2]
[ext_resource path="res://Main/Main.gd" type="Script" id=3]
[ext_resource path="res://Materials/WallMaterial.tres" type="Material" id=4]
[ext_resource path="res://Main/Spawner.tscn" type="PackedScene" id=5]
[ext_resource path="res://Main/HUD.tscn" type="PackedScene" id=6]
[ext_resource path="res://SFX/MainLoop.ogg" type="AudioStream" id=7]

[sub_resource type="BoxShape" id=1]
extents = Vector3( 40, 0.1, 40 )

[node name="Main" type="Spatial"]
script = ExtResource( 3 )

[node name="PlayerDie" parent="." instance=ExtResource( 1 )]
transform = Transform( 1.19249e-08, 0, -1, 0, 1, 0, 1, 0, 1.19249e-08, 26.0674, 1.72991, 0 )
axis_lock_motion_y = false
move_lock_y = false

[node name="Walls" type="Spatial" parent="."]

[node name="StaticBody" parent="Walls" instance=ExtResource( 2 )]
transform = Transform( 1, 0, 0, 0, 1, 0, 0, 0, 1, 34, 5, 0 )

[node name="StaticBody2" parent="Walls" instance=ExtResource( 2 )]
transform = Transform( 1, 0, 0, 0, 1, 0, 0, 0, 1, -34, 5, 0 )

[node name="StaticBody3" parent="Walls" instance=ExtResource( 2 )]
transform = Transform( 0.5, 0, 0.866025, 0, 1, 0, -0.866025, 0, 0.5, 17, 5, -30 )

[node name="StaticBody4" parent="Walls" instance=ExtResource( 2 )]
transform = Transform( 0.5, 0, 0.866025, 0, 1, 0, -0.866025, 0, 0.5, -17, 5, 30 )

[node name="StaticBody5" parent="Walls" instance=ExtResource( 2 )]
transform = Transform( 0.5, 0, -0.866025, 0, 1, 0, 0.866025, 0, 0.5, 17, 5, 30 )

[node name="StaticBody6" parent="Walls" instance=ExtResource( 2 )]
transform = Transform( 0.5, 0, -0.866025, 0, 1, 0, 0.866025, 0, 0.5, -17, 5, -30 )

[node name="StaticBody7" type="StaticBody" parent="Walls"]

[node name="CollisionShape" type="CollisionShape" parent="Walls/StaticBody7"]
shape = SubResource( 1 )

[node name="CSGBox" type="CSGBox" parent="Walls/StaticBody7"]
width = 80.0
height = 0.2
depth = 80.0
material = ExtResource( 4 )

[node name="Spawns" type="Spatial" parent="."]

[node name="Spawnpoint" parent="Spawns" instance=ExtResource( 5 )]
transform = Transform( 1, 0, 0, 0, 1, 0, 0, 0, 1, 32.7, 0, 0 )

[node name="Spawnpoint5" parent="Spawns" instance=ExtResource( 5 )]
transform = Transform( 0.5, 0, 0.866025, 0, 1, 0, -0.866025, 0, 0.5, -17.9827, 0, 28.0241 )

[node name="Spawnpoint6" parent="Spawns" instance=ExtResource( 5 )]
transform = Transform( 0.5, 0, -0.866025, 0, 1, 0, 0.866025, 0, 0.5, -16.273, 0, -28.9985 )

[node name="HUD" parent="." instance=ExtResource( 6 )]

[node name="SpawnTimer" type="Timer" parent="."]
wait_time = 3.0
autostart = true

[node name="GameTimer" type="Timer" parent="."]
autostart = true

[node name="MainLoop" type="AudioStreamPlayer" parent="."]
stream = ExtResource( 7 )
volume_db = -6.0
autoplay = true

[connection signal="update_health" from="PlayerDie" to="." method="_on_PlayerDie_update_health"]
[connection signal="update_power" from="PlayerDie" to="." method="_on_PlayerDie_update_power"]
[connection signal="timeout" from="SpawnTimer" to="." method="_on_SpawnTimer_timeout"]
[connection signal="timeout" from="GameTimer" to="." method="_on_GameTimer_timeout"]
