[gd_scene load_steps=6 format=2]

[ext_resource path="res://Dice/PlayerDie.tscn" type="PackedScene" id=1]
[ext_resource path="res://Main/Wall.tscn" type="PackedScene" id=2]
[ext_resource path="res://Main/Main.gd" type="Script" id=3]
[ext_resource path="res://Main/WallMaterial.tres" type="Material" id=4]

[sub_resource type="BoxShape" id=1]
extents = Vector3( 40, 0.1, 40 )

[node name="Main" type="Spatial"]
script = ExtResource( 3 )

[node name="PlayerDie" parent="." instance=ExtResource( 1 )]

[node name="Walls" type="Spatial" parent="."]

[node name="StaticBody" parent="Walls" instance=ExtResource( 2 )]
transform = Transform( 1, 0, 0, 0, 1, 0, 0, 0, 1, 34, 5, 0 )

[node name="StaticBody2" parent="Walls" instance=ExtResource( 2 )]
transform = Transform( 1, 0, 0, 0, 1, 0, 0, 0, 1, -34, 5, 0 )

[node name="StaticBody3" parent="Walls" instance=ExtResource( 2 )]
transform = Transform( 0.5, 0, 0.866025, 0, 1, 0, -0.866025, 0, 0.5, 17, 5, -30 )

[node name="StaticBody4" parent="Walls" instance=ExtResource( 2 )]
transform = Transform( 0.5, 0, 0.866025, 0, 1, 0, -0.866025, 0, 0.5, -17, 5, 30 )

[node name="StaticBody5" parent="Walls" instance=ExtResource( 2 )]
transform = Transform( 0.5, 0, -0.866025, 0, 1, 0, 0.866025, 0, 0.5, 17, 5, 30 )

[node name="StaticBody6" parent="Walls" instance=ExtResource( 2 )]
transform = Transform( 0.5, 0, -0.866025, 0, 1, 0, 0.866025, 0, 0.5, -17, 5, -30 )

[node name="StaticBody7" type="StaticBody" parent="Walls"]

[node name="CollisionShape" type="CollisionShape" parent="Walls/StaticBody7"]
shape = SubResource( 1 )

[node name="CSGBox" type="CSGBox" parent="Walls/StaticBody7"]
width = 80.0
height = 0.2
depth = 80.0
material = ExtResource( 4 )

[node name="Spawns" type="Spatial" parent="."]

[node name="Position3D" type="Position3D" parent="Spawns"]
transform = Transform( 1, 0, 0, 0, 1, 0, 0, 0, 1, 30, 0, 0 )

[node name="Position3D2" type="Position3D" parent="Spawns"]
transform = Transform( 1, 0, 0, 0, 1, 0, 0, 0, 1, -30, 0, 0 )

[node name="Position3D3" type="Position3D" parent="Spawns"]
transform = Transform( 1, 0, 0, 0, 1, 0, 0, 0, 1, 15, 0, 27 )

[node name="Position3D4" type="Position3D" parent="Spawns"]
transform = Transform( 1, 0, 0, 0, 1, 0, 0, 0, 1, 15, 0, -27 )

[node name="Position3D5" type="Position3D" parent="Spawns"]
transform = Transform( 1, 0, 0, 0, 1, 0, 0, 0, 1, -15, 0, 27 )

[node name="Position3D6" type="Position3D" parent="Spawns"]
transform = Transform( 1, 0, 0, 0, 1, 0, 0, 0, 1, -15, 0, -27 )

[node name="EnemyContainer" type="Spatial" parent="."]

[node name="SpawnTimer" type="Timer" parent="."]
autostart = true

[connection signal="timeout" from="SpawnTimer" to="." method="_on_SpawnTimer_timeout"]
